cc
ce
8e
cc
ce
8e
cc
fc
8e
cc
cc
8e
cc
ff
8e
cc
cc
8e
cc
cd
8e
ec
cc
f
1f
3f
c0
c2
c4
c4
c8
c9
cc
cc
9b
f3
f3
3
ce
de
83
41
5f
cc
cc
33
8c
10
33
f3
f3
c4
c4
c8
c9
cc
cc
9b
ce
de
5f
1
00
00
00
00
00
00
00
00
00
00
00
00
00
00
00
00
00
00
00
00
00
00
00
00
00
00
00
00
00
00
00
00
00
00
00
00
00
00
00
00
00
00
00
00
00
00
00
00
00
00
00
00
00
00
00
00
00
00
00
00
00
00
00
00
00
00
00
00
00
00
00
00
00
00
00
00
00
00
00
00
00
00
00
00
00
00
00
00
00
00
00
00
00
00
00
00
00
00
00
00
00
00
00
00
00
00
00
00
00
00
00
00
00
00
00
00
00
00
00
00
00
00
00
00
00
00
00
00
00
00
00
00
00
00
00
00
00
00
00
00
00
00
00
00
00
00
00
00
00
00
00
00
00
00
00
00
00
00
00
00
00
00
00
00
00
00
00
00
00
00
00
00
00
00
00
00
00
00
00
00
00
00
00
00
00
00
00
00
00
00
00
00
00
00
ec
cc
f
1f
2f
8d
3b
8d
37
8d
33
1a
3e
3
21
cf
de
41
5f
ff
cc
63
60
1a
ce
cf
41
5f
cd
cc
13
88
cd
ec
5f
df
ff
6b
6b
8a
21
cc
ff
63
60
df
ff
63
63
82
84
cc
fe
5f
ec
cc
f
1f
2f
23
8c
27
8c
2b
8c
1a
3e
8d
2b
3
1f
7e
c8
c8
9b
00
00
00
00
00
00
00
00
00
00
00
00
00
00
00
00
00
00
00
00
00
00
00
00
00
00
00
00
00
00
00
00
00
00
00
00
00
00
00
00
00
00
00
00
00
00
00
00
00
00
00
00
00
00
00
00
00
00
00
00
00
00
00
00
00
00
00
00
00
00
00
00
00
00
00
00
00
00
00
00
00
00
00
00
00
00
00
00
00
00
00
00
00
00
00
00
00
00
00
00
00
00
00
00
00
00
00
00
00
00
00
00
00
00
00
00
00
00
00
00
00
00
00
00
00
00
00
00
00
00
00
00
00
00
00
00
00
00
00
00
00
00
00
00
00
00
00
00
00
00
00
00
00
00
00
00
00
00
00
00
00
00
00
00
00
00
00
00
00
00
00
00
00
00
00
00
00
00
00
00
00
54
79
70
65
3a
20
0
